Time	MeasID	DPID	Channel	A(x)	A(y)	A(z)	A(adr)	B(x)	B(y)	B(z)	B(adr)	M(x)	M(y)	M(z)	M(adr)	N(x)	N(y)	N(z)	N(adr)	F(x)	F(y)	F(z)	Note	I(mA)	Uout(V)	U(V)	SP(V)	R(Ohm)	Var(%)	Rho-a(Ohm-m)	Cycles	IP Delay Window(mV/V)	Pint(V)	Pext(V)	T int(deg C)	T log(deg C)	Latitude	Longitude
2026-07-30 14:17:19	751	1843	1	13	0.5	0	0	13.5	0.5	0	0	0	0.5	0	0	15.5	0.5	0	0	10.5	0.5	0.874		21.4956	428.106	0.117672	0	5.47425	3.70854	334.429	1		0.0088623	12.3009	39.2074	0	54.7664	-1.56997	
2026-07-30 14:17:14	750	1844	1	12	0.5	0	0	12.5	0.5	0	0	0	0.5	0	0	15.5	0.5	0	0	10	0.5	1.309		23.1952	396.283	0.0485542	0	2.09329	9.53132	258.133	1		0.0177246	12.3097	39.2074	0	54.7664	-1.56996	
2026-07-30 14:17:02	748	1845	1	5	0.5	0	0	5.5	0.5	0	0	0	0.5	0	0	15.5	0.5	0	0	6.5	0.5	2.274		31.5544	290.82	0.069409	0	2.19966	9.0536	602.383	1		0.0088623	12.3009	39.2074	0	54.7664	-1.56995	
2026-07-30 14:16:57	747	1846	1	3	0.5	0	0	3.5	0.5	0	0	0	0.5	0	0	15.5	0.5	0	0	5.5	0.5	1.309		26.792	343.917	0.21876	0	8.16513	3.25333	1006.88	1		0.0177246	12.3097	39.0775	0	54.7664	-1.56994	
2026-07-30 14:16:45	745	1847	1	12.5	0	0	0	13	0	0	0	0	0	0	0	15.5	0	0	0	10.25	0	1.087		27.8072	330.239	0.0855356	0	3.07602	4.97332	277.118	1		0.0088623	12.3009	39.3374	0	54.7664	-1.56993	
2026-07-30 14:16:40	744	1848	1	12	0	0	0	12.5	0	0	0	0	0	0	0	15.5	0	0	0	10	0	1.309		29.0147	315.489	0.0546558	0	1.88373	8.68104	232.292	1		0.0088623	12.3097	39.3374	0	54.7665	-1.56993	
2026-07-30 14:16:34	743	1849	1	7.5	0	0	0	8	0	0	0	0	0	0	0	15.5	0	0	0	7.75	0	2.967		32.5124	278.977	0.0204542	0	0.62912	25.8987	237.173	1		0.0088623	12.3009	39.4673	0	54.7665	-1.56994	
2026-07-30 14:16:28	742	1850	1	5	0	0	0	5.5	0	0	0	0	0	0	0	15.5	0	0	0	6.5	0	2.274		29.6793	305.887	0.0757665	0	2.55284	7.67633	699.101	1		0.0088623	12.3009	39.4673	0	54.7665	-1.56995	
2026-07-30 14:16:17	740	1851	1	3	0	0	0	3.5	0	0	0	0	0	0	0	15.5	0	0	0	5.5	0	1.309		29.9809	307.099	0.257087	0	8.57503	3.32844	1057.43	1		0.0088623	12.3097	39.0775	0	54.7665	-1.56996	
2026-07-30 14:16:05	738	1852	1	0	0.5	0	0	15.5	0.5	0	0	14.5	0.5	0	0	15	0.5	0	0	11.25	0.5	0.26		25.6977	356.444	1.96411	0	76.4314	0.340645	479.131	1		0.0088623	12.3097	39.4673	0	54.7665	-1.56996	
2026-07-30 14:15:59	737	1853	4	0	0.5	0	0	15.5	0.5	0	0	14	0.5	0	0	14.5	0.5	0	0	11	0.5	0.466		25.5783	354.795	0.434902	0	17.0028	0.00656097	318.143	1		0.0088623	12.2388	39.7272	0	54.7665	-1.56996	
2026-07-30 14:15:59	737	1854	2	0	0.5	0	0	15.5	0.5	0	0	13	0.5	0	0	13.5	0.5	0	0	10.5	0.5	0.874		25.5783	354.795	0.140305	0	5.48531	0.460545	335.105	1		0.0088623	12.2388	39.7272	0	54.7665	-1.56996	
2026-07-30 14:15:59	737	1855	1	0	0.5	0	0	15.5	0.5	0	0	12.5	0.5	0	0	13	0.5	0	0	10.25	0.5	1.087		25.5783	354.795	0.0779073	0	3.04583	0.674095	274.398	1		0.0088623	12.2388	39.7272	0	54.7665	-1.56996	
2026-07-30 14:15:53	736	1856	4	0	0.5	0	0	15.5	0.5	0	0	12	0.5	0	0	12.5	0.5	0	0	10	0.5	1.309		25.5805	355.357	0.0536307	0	2.09655	1.04827	258.535	1		0.0088623	12.2388	39.7272	0	54.7665	-1.56996	
2026-07-30 14:15:41	734	1857	3	0	0.5	0	0	15.5	0.5	0	0	7.5	0.5	0	0	8	0.5	0	0	7.75	0.5	2.967		25.5728	356.006	0.0140724	0	0.550288	0.12377	207.454	1		0.0088623	12.3009	39.8571	0	54.7664	-1.56996	
2026-07-30 14:17:08	749	1858	1	6.5	0.5	0	0	7	0.5	0	0	0	0.5	0	0	15.5	0.5	0	0	7.25	0.5	2.843		22.4023	412.865	0.0310777	0	1.38726	17.1111	497.37	1		0.0088623	12.3097	39.2074	0	54.7664	-1.56996	
2026-07-30 14:15:41	734	1859	4	0	0.5	0	0	15.5	0.5	0	0	8	0.5	0	0	8.5	0.5	0	0	8	0.5	2.935		25.5728	356.006	0.0145091	0	0.567363	0.130859	211.228	1		0.0088623	12.3009	39.8571	0	54.7664	-1.56996	
2026-07-30 14:15:06	728	1860	2	0	0	0	0	15.5	0	0	0	11	0	0	0	11.5	0	0	0	9.5	0	1.783		30.7063	294.064	0.0321144	0	1.04585	0.0445116	207.098	1		0.0088623	12.23	40.117	0	54.7664	-1.56996	
2026-07-30 14:15:53	736	1861	1	0	0.5	0	0	15.5	0.5	0	0	10.5	0.5	0	0	11	0.5	0	0	9.25	0.5	2.03		25.5805	355.357	0.0229302	0	0.896395	0.283142	212.127	1		0.0088623	12.2388	39.7272	0	54.7665	-1.56996	
2026-07-30 14:15:00	727	1862	2	0	0	0	0	15.5	0	0	0	9	0	0	0	9.5	0	0	0	8.5	0	2.694		30.7111	294.338	0.0191802	0	0.624537	0.329241	210.198	1		0.0088623	12.3097	40.117	0	54.7664	-1.56996	
2026-07-30 14:15:00	727	1863	1	0	0	0	0	15.5	0	0	0	8.5	0	0	0	9	0	0	0	8.25	0	2.843		30.7111	294.338	0.0187494	0	0.610508	0.269248	218.884	1		0.0088623	12.3097	40.117	0	54.7664	-1.56996	
2026-07-30 14:15:11	729	1864	1	0	0	0	0	15.5	0	0	0	12.5	0	0	0	13	0	0	0	10.25	0	1.087		30.707	293.529	0.0950052	0	3.09393	0.410223	278.731	1		0.0088623	12.23	40.117	0	54.7664	-1.56996	
2026-07-30 14:14:54	726	1865	4	0	0	0	0	15.5	0	0	0	8	0	0	0	8.5	0	0	0	8	0	2.935		30.8307	295.876	0.0189391	0	0.614294	0.867931	228.7	1		0.0088623	12.2388	40.117	0	54.7664	-1.56997	
2026-07-30 14:15:23	731	1866	3	0	0.5	0	0	15.5	0.5	0	0	1.5	0.5	0	0	2	0.5	0	0	4.75	0.5	0.668		25.6386	358.623	0.622745	0	24.2894	0.219972	901.381	1		0.0088623	12.3097	39.9871	0	54.7664	-1.56996	
2026-07-30 14:15:00	727	1867	3	0	0	0	0	15.5	0	0	0	9.5	0	0	0	10	0	0	0	8.75	0	2.5		30.7111	294.338	0.0220231	0	0.717104	0.167704	220.709	1		0.0088623	12.3097	40.117	0	54.7664	-1.56996	
2026-07-30 14:14:54	726	1868	3	0	0	0	0	15.5	0	0	0	7.5	0	0	0	8	0	0	0	7.75	0	2.967		30.8307	295.876	0.0192894	0	0.625656	3.65784	235.867	1		0.0088623	12.2388	40.117	0	54.7664	-1.56997	
2026-07-30 14:15:36	733	1869	2	0	0.5	0	0	15.5	0.5	0	0	5	0.5	0	0	5.5	0.5	0	0	6.5	0.5	2.274		25.637	357.607	0.0562789	0	2.19522	0.63601	601.165	1		0.0088623	12.3009	39.8571	0	54.7664	-1.56996	
2026-07-30 14:14:47	725	1870	3	0	0	0	0	15.5	0	0	0	5.5	0	0	0	6	0	0	0	6.75	0	2.5		30.7025	294.974	0.0655926	0	2.13639	0.154144	657.534	1		0.0088623	12.3275	40.247	0	54.7664	-1.56997	
2026-07-30 14:14:47	725	1871	2	0	0	0	0	15.5	0	0	0	5	0	0	0	5.5	0	0	0	6.5	0	2.274		30.7025	294.974	0.0788047	0	2.56672	0.897209	702.901	1		0.0088623	12.3275	40.247	0	54.7664	-1.56997	
2026-07-30 14:15:11	729	1872	3	0	0	0	0	15.5	0	0	0	13.5	0	0	0	14	0	0	0	10.75	0	0.668		30.707	293.529	0.341004	0	11.1051	0.119495	412.111	1		0.0088623	12.23	40.117	0	54.7664	-1.56996	
2026-07-30 14:16:51	746	1873	1	14.5	0	0	0	15	0	0	0	0	0	0	0	15.5	0	0	0	11.25	0	0.26		29.6173	310.091	1.32442	0	44.7178	0.669774	280.326	1		0.0088623	12.292	39.3374	0	54.7664	-1.56993	
2026-07-30 14:14:41	724	1874	4	0	0	0	0	15.5	0	0	0	4	0	0	0	4.5	0	0	0	6	0	1.783		30.6403	295.097	0.144229	0	4.70715	0.70704	932.101	1		0.0088623	12.2566	40.247	0	54.7664	-1.56998	
2026-07-30 14:14:47	725	1875	4	0	0	0	0	15.5	0	0	0	6	0	0	0	6.5	0	0	0	7	0	2.694		30.7025	294.974	0.0509561	0	1.65967	0.176423	558.59	1		0.0088623	12.3275	40.247	0	54.7664	-1.56997	
2026-07-30 14:17:25	752	1876	1	14.5	0.5	0	0	15	0.5	0	0	0	0.5	0	0	15.5	0.5	0	0	11.25	0.5	0.26		32.5121	281.719	2.49583	0	76.7663	0.496117	481.231	1		0.0177246	12.3009	39.0775	0	54.7664	-1.56998	
2026-07-30 14:14:41	724	1877	3	0	0	0	0	15.5	0	0	0	3.5	0	0	0	4	0	0	0	5.75	0	1.541		30.6403	295.097	0.206074	0	6.72559	0.048309	1074.25	1		0.0088623	12.2566	40.247	0	54.7664	-1.56998	
2026-07-30 14:15:29	732	1878	1	0	0.5	0	0	15.5	0.5	0	0	2.5	0.5	0	0	3	0.5	0	0	5.25	0.5	1.087		25.5745	357.081	0.242041	0	9.46416	0.0717497	852.624	1		0.0088623	12.2388	39.8571	0	54.7664	-1.56996	
2026-07-30 14:15:06	728	1879	1	0	0	0	0	15.5	0	0	0	10.5	0	0	0	11	0	0	0	9.25	0	2.03		30.7063	294.064	0.0278541	0	0.907111	0.118102	214.662	1		0.0088623	12.23	40.117	0	54.7664	-1.56996	
2026-07-30 14:15:23	731	1880	4	0	0.5	0	0	15.5	0.5	0	0	2	0.5	0	0	2.5	0.5	0	0	5	0.5	0.874		25.6386	358.623	0.310294	0	12.1026	0.209355	739.366	1		0.0088623	12.3097	39.9871	0	54.7664	-1.56996	
2026-07-30 14:14:41	724	1881	2	0	0	0	0	15.5	0	0	0	3	0	0	0	3.5	0	0	0	5.5	0	1.309		30.6403	295.097	0.263086	0	8.58628	0.46199	1058.82	1		0.0088623	12.2566	40.247	0	54.7664	-1.56998	
2026-07-30 14:14:41	724	1882	1	0	0	0	0	15.5	0	0	0	2.5	0	0	0	3	0	0	0	5.25	0	1.087		30.6403	295.097	0.334965	0	10.9322	0.0836008	984.876	1		0.0088623	12.2566	40.247	0	54.7664	-1.56998	
2026-07-30 14:14:31	723	1883	4	0	0	0	0	15.5	0	0	0	2	0	0	0	2.5	0	0	0	5	0	0.874		30.7029	296.586	0.473517	0	15.4226	0.139928	942.187	1		0.0088623	12.3718	40.117	0	54.7665	-1.56999	
2026-07-30 14:14:31	723	1884	3	0	0	0	0	15.5	0	0	0	1.5	0	0	0	2	0	0	0	4.75	0	0.668		30.7029	296.586	0.983068	0	32.0188	0.295679	1188.22	1		0.0088623	12.3718	40.117	0	54.7665	-1.56999	
2026-07-30 14:15:11	729	1885	4	0	0	0	0	15.5	0	0	0	14	0	0	0	14.5	0	0	0	11	0	0.466		30.707	293.529	0.47074	0	15.33	0.0812323	286.845	1		0.0088623	12.23	40.117	0	54.7664	-1.56996	
2026-07-30 14:14:54	726	1886	1	0	0	0	0	15.5	0	0	0	6.5	0	0	0	7	0	0	0	7.25	0	2.843		30.8307	295.876	0.0451516	0	1.4645	0.0550384	525.064	1		0.0088623	12.2388	40.117	0	54.7664	-1.56997	
2026-07-30 14:15:48	735	1887	2	0	0.5	0	0	15.5	0.5	0	0	9	0.5	0	0	9.5	0.5	0	0	8.5	0.5	2.694		25.6995	357.495	0.016424	0	0.63908	0.172122	215.093	1		0.0088623	12.2743	39.3374	0	54.7664	-1.56996	
2026-07-30 14:14:31	723	1888	2	0	0	0	0	15.5	0	0	0	1	0	0	0	1.5	0	0	0	4.5	0	0.466		30.7029	296.586	1.56964	0	51.1237	0.256683	956.591	1		0.0088623	12.3718	40.117	0	54.7665	-1.56999	
2026-07-30 14:15:00	727	1889	4	0	0	0	0	15.5	0	0	0	10	0	0	0	10.5	0	0	0	9	0	2.274		30.7111	294.338	0.0282628	0	0.92028	0.283263	252.021	1		0.0088623	12.3097	40.117	0	54.7664	-1.56996	
2026-07-30 14:14:31	723	1890	1	0	0	0	0	15.5	0	0	0	0.5	0	0	0	1	0	0	0	4.25	0	0.26		30.7029	296.586	4.87921	0	158.917	0.302817	996.215	1		0.0088623	12.3718	40.117	0	54.7665	-1.56999	
2026-07-30 14:15:06	728	1891	3	0	0	0	0	15.5	0	0	0	11.5	0	0	0	12	0	0	0	9.75	0	1.541		30.7063	294.064	0.0440338	0	1.43403	0.96091	229.051	1		0.0088623	12.23	40.117	0	54.7664	-1.56996	
2026-07-30 14:15:06	728	1892	4	0	0	0	0	15.5	0	0	0	12	0	0	0	12.5	0	0	0	10	0	1.309		30.7063	294.064	0.0578948	0	1.88544	0.271677	232.502	1		0.0088623	12.23	40.117	0	54.7664	-1.56996	
2026-07-30 14:15:18	730	1893	1	0	0	0	0	15.5	0	0	0	14.5	0	0	0	15	0	0	0	11.25	0	0.26		30.8303	295.161	1.38425	0	44.8991	0.50698	281.462	1		0.0088623	12.23	39.7272	0	54.7664	-1.56996	
2026-07-30 14:15:23	731	1894	1	0	0.5	0	0	15.5	0.5	0	0	0.5	0.5	0	0	1	0.5	0	0	4.25	0.5	0.26		25.6386	358.623	2.86688	0	111.819	0.221358	700.969	1		0.0088623	12.3097	39.9871	0	54.7664	-1.56996	
2026-07-30 14:15:23	731	1895	2	0	0.5	0	0	15.5	0.5	0	0	1	0.5	0	0	1.5	0.5	0	0	4.5	0.5	0.466		25.6386	358.623	0.880865	0	34.357	0.299828	642.865	1		0.0088623	12.3097	39.9871	0	54.7664	-1.56996	
2026-07-30 14:15:59	737	1896	3	0	0.5	0	0	15.5	0.5	0	0	13.5	0.5	0	0	14	0.5	0	0	10.75	0.5	0.668		25.5783	354.795	0.199793	0	7.81103	0.0855995	289.868	1		0.0088623	12.2388	39.7272	0	54.7665	-1.56996	
2026-07-30 14:15:29	732	1897	2	0	0.5	0	0	15.5	0.5	0	0	3	0.5	0	0	3.5	0.5	0	0	5.5	0.5	1.309		25.5745	357.081	0.209748	0	8.20146	0.306416	1011.36	1		0.0088623	12.2388	39.8571	0	54.7664	-1.56996	
2026-07-30 14:15:29	732	1898	3	0	0.5	0	0	15.5	0.5	0	0	3.5	0.5	0	0	4	0.5	0	0	5.75	0.5	1.541		25.5745	357.081	0.139404	0	5.4509	0.100025	870.645	1		0.0088623	12.2388	39.8571	0	54.7664	-1.56996	
2026-07-30 14:16:11	739	1899	1	1.5	0	0	0	2	0	0	0	0	0	0	0	15.5	0	0	0	4.75	0	0.668		31.8578	287.562	1.01596	0	31.8906	1.18012	1183.46	1		0.0088623	12.3009	39.5972	0	54.7665	-1.56996	
2026-07-30 14:15:36	733	1900	1	0	0.5	0	0	15.5	0.5	0	0	4.5	0.5	0	0	5	0.5	0	0	6.25	0.5	2.03		25.637	357.607	0.0914123	0	3.56563	0.177344	843.785	1		0.0088623	12.3009	39.8571	0	54.7664	-1.56996	
2026-07-30 14:15:36	733	1901	3	0	0.5	0	0	15.5	0.5	0	0	5.5	0.5	0	0	6	0.5	0	0	6.75	0.5	2.5		25.637	357.607	0.0457505	0	1.78455	0.0694511	549.244	1		0.0088623	12.3009	39.8571	0	54.7664	-1.56996	
2026-07-30 14:15:36	733	1902	4	0	0.5	0	0	15.5	0.5	0	0	6	0.5	0	0	6.5	0.5	0	0	7	0.5	2.694		25.637	357.607	0.0399381	0	1.55783	0.978986	524.313	1		0.0088623	12.3009	39.8571	0	54.7664	-1.56996	
2026-07-30 14:16:23	741	1903	1	4	0	0	0	4.5	0	0	0	0	0	0	0	15.5	0	0	0	6	0	1.783		30.0434	302.221	0.141848	0	4.72143	4.75852	934.929	1		0.0088623	12.3097	39.4673	0	54.7665	-1.56996	
2026-07-30 14:15:41	734	1904	1	0	0.5	0	0	15.5	0.5	0	0	6.5	0.5	0	0	7	0.5	0	0	7.25	0.5	2.843		25.5728	356.006	0.0352572	0	1.3787	1.50631	494.302	1		0.0088623	12.3009	39.8571	0	54.7664	-1.56996	
2026-07-30 14:14:54	726	1905	2	0	0	0	0	15.5	0	0	0	7	0	0	0	7.5	0	0	0	7.5	0	2.935		30.8307	295.876	0.0321012	0	1.04121	1.28151	387.64	1		0.0088623	12.2388	40.117	0	54.7664	-1.56997	
2026-07-30 14:15:41	734	1906	2	0	0.5	0	0	15.5	0.5	0	0	7	0.5	0	0	7.5	0.5	0	0	7.5	0.5	2.935		25.5728	356.006	0.0200535	0	0.784171	0.661434	291.946	1		0.0088623	12.3009	39.8571	0	54.7664	-1.56996	
2026-07-30 14:15:29	732	1907	4	0	0.5	0	0	15.5	0.5	0	0	4	0.5	0	0	4.5	0.5	0	0	6	0.5	1.783		25.5745	357.081	0.0999917	0	3.90983	0.0910942	774.216	1		0.0088623	12.2388	39.8571	0	54.7664	-1.56996	
2026-07-30 14:15:48	735	1908	1	0	0.5	0	0	15.5	0.5	0	0	8.5	0.5	0	0	9	0.5	0	0	8.25	0.5	2.843		25.6995	357.495	0.0160513	0	0.624576	0.457007	223.928	1		0.0088623	12.2743	39.3374	0	54.7664	-1.56996	
2026-07-30 14:14:47	725	1909	1	0	0	0	0	15.5	0	0	0	4.5	0	0	0	5	0	0	0	6.25	0	2.03		30.7025	294.974	0.122858	0	4.00157	0.510457	946.946	1		0.0088623	12.3275	40.247	0	54.7664	-1.56997	
2026-07-30 14:15:11	729	1910	2	0	0	0	0	15.5	0	0	0	13	0	0	0	13.5	0	0	0	10.5	0	0.874		30.707	293.529	0.157877	0	5.14139	0.00801575	314.095	1		0.0088623	12.23	40.117	0	54.7664	-1.56996	
2026-07-30 14:15:48	735	1911	3	0	0.5	0	0	15.5	0.5	0	0	9.5	0.5	0	0	10	0.5	0	0	8.75	0.5	2.5		25.6995	357.495	0.0173289	0	0.674288	0.0225465	207.531	1		0.0088623	12.2743	39.3374	0	54.7664	-1.56996	
2026-07-30 14:15:48	735	1912	4	0	0.5	0	0	15.5	0.5	0	0	10	0.5	0	0	10.5	0.5	0	0	9	0.5	2.274		25.6995	357.495	0.0221733	0	0.862791	0.476089	236.277	1		0.0088623	12.2743	39.3374	0	54.7664	-1.56996	
2026-07-30 14:15:53	736	1913	2	0	0.5	0	0	15.5	0.5	0	0	11	0.5	0	0	11.5	0.5	0	0	9.5	0.5	1.783		25.5805	355.357	0.0255867	0	1.00024	0.122786	198.066	1		0.0088623	12.2388	39.7272	0	54.7665	-1.56996	
2026-07-30 14:15:53	736	1914	3	0	0.5	0	0	15.5	0.5	0	0	11.5	0.5	0	0	12	0.5	0	0	9.75	0.5	1.541		25.5805	355.357	0.0373716	0	1.46094	0.693907	233.349	1		0.0088623	12.2388	39.7272	0	54.7665	-1.56996	
