Time	MeasID	DPID	Channel	A(x)	A(y)	A(z)	A(adr)	B(x)	B(y)	B(z)	B(adr)	M(x)	M(y)	M(z)	M(adr)	N(x)	N(y)	N(z)	N(adr)	F(x)	F(y)	F(z)	Note	I(mA)	Uout(V)	U(V)	SP(V)	R(Ohm)	Var(%)	Rho-a(Ohm-m)	Cycles	IP Delay Window(mV/V)	Pint(V)	Pext(V)	T int(deg C)	T log(deg C)	Latitude	Longitude
2026-08-14 12:15:50	408	544	1	3	1	0	0	3.5	0.5	0	0	2.5	1.5	0	0	4	0	0	0	3.25	0.75	0.367		35.6163	257.341	9.85729	0	276.763	0.266077	1229.63	1		0.0797607	12.1148	48.0437	0	54.7664	-1.57019	
2026-08-14 12:15:44	407	545	1	2	1	0	0	2.5	0.5	0	0	1.5	1.5	0	0	3	0	0	0	2.25	0.75	0.367		29.3403	313.564	6.75674	0	230.289	0.30575	1023.15	1		0.0797607	12.1148	48.0437	0	54.7664	-1.5702	
2026-08-14 12:15:33	405	546	1	6.5	0.5	0	0	7	1	0	0	6	0	0	0	7.5	1.5	0	0	6.75	0.75	0.367		27.5957	335.993	8.63623	0	312.955	0.285882	1390.42	1		0.0708984	12.1148	48.0437	0	54.7665	-1.5702	
2026-08-14 12:15:27	404	547	1	5.5	0.5	0	0	6	1	0	0	5	0	0	0	6.5	1.5	0	0	5.75	0.75	0.367		29.8861	307.254	10.4427	0	349.417	0.24923	1552.42	1		0.0708984	12.1148	48.1737	0	54.7665	-1.5702	
2026-08-14 12:15:21	403	548	1	4.5	0.5	0	0	5	1	0	0	4	0	0	0	5.5	1.5	0	0	4.75	0.75	0.367		38.1454	239.947	10.6399	0	278.93	0.258993	1239.25	1		0.0708984	12.1148	48.0437	0	54.7665	-1.5702	
2026-08-14 12:15:04	400	549	1	5	0.5	0	0	5	1	0	0	5	0	0	0	5	1.5	0	0	5	0.75	0.259		36.1548	254.973	11.21	0	310.055	0.303916	974.068	1		0.0708984	12.1148	48.1737	0	54.7664	-1.57017	
2026-08-14 12:09:40	343	550	1	0	1.5	0	0	7.5	1.5	0	0	6.5	1.5	0	0	7	1.5	0	0	5.25	1.5	0.262		31.4705	289.047	3.91061	0	124.263	0.237575	772.279	1		0.0708984	12.1148	49.2132	0	54.7664	-1.57021	
2026-08-14 12:09:33	342	551	3	0	1.5	0	0	7.5	1.5	0	0	5.5	1.5	0	0	6	1.5	0	0	4.75	1.5	0.706		31.4125	288.283	0.790221	0	25.1562	0.140487	869.337	1		0.0708984	12.0439	49.2132	0	54.7664	-1.57022	
2026-08-14 12:07:59	328	552	4	0	0	0	0	7.5	0	0	0	2	0	0	0	2.5	0	0	0	3	0	0.951		21.8282	422.775	0.606606	0	27.7901	0.184785	1477.47	1		0.0708984	12.1679	49.733	0	54.7665	-1.57021	
2026-08-14 12:09:26	341	553	3	0	1.5	0	0	7.5	1.5	0	0	3.5	1.5	0	0	4	1.5	0	0	3.75	1.5	1.431		31.2891	287.889	0.464652	0	14.8503	0.139755	1306.3	1		0.0708984	12.1148	49.2132	0	54.7664	-1.57021	
2026-08-14 12:14:19	392	554	1	5	1	0	0	5.5	1	0	0	0	1	0	0	7.5	1	0	0	4.5	1	0.951		38.2089	239.601	0.866626	0	22.6813	0.274423	1205.86	1		0.0708984	12.1148	48.0437	0	54.7664	-1.57017	
2026-08-14 12:09:26	341	555	1	0	1.5	0	0	7.5	1.5	0	0	2.5	1.5	0	0	3	1.5	0	0	3.25	1.5	1.19		31.2891	287.889	0.587911	0	18.7897	0.22937	1328.16	1		0.0708984	12.1148	49.2132	0	54.7664	-1.57021	
2026-08-14 12:09:20	340	556	4	0	1.5	0	0	7.5	1.5	0	0	2	1.5	0	0	2.5	1.5	0	0	3	1.5	0.951		31.2924	289.419	0.585797	0	18.7201	0.10191	995.263	1		0.0708984	12.1148	49.2132	0	54.7664	-1.57021	
2026-08-14 12:11:34	363	557	1	1.5	0	0	0	3	1.5	0	0	2	0.5	0	0	2.5	1	0	0	2.25	0.75	0.367		28.7452	318.946	6.77435	0	235.669	0.321564	1047.05	1		0.0708984	12.1148	48.6935	0	54.7664	-1.57015	
2026-08-14 12:09:20	340	558	2	0	1.5	0	0	7.5	1.5	0	0	1	1.5	0	0	1.5	1.5	0	0	2.5	1.5	0.478		31.2924	289.419	1.44346	0	46.128	0.258439	837.29	1		0.0708984	12.1148	49.2132	0	54.7664	-1.57021	
2026-08-14 12:08:35	333	559	2	0	0.5	0	0	7.5	0.5	0	0	3	0.5	0	0	3.5	0.5	0	0	3.5	0.5	1.366		27.5494	328.136	0.569482	0	20.6713	0.209771	1722.64	1		0.0708984	12.1148	49.6031	0	54.7665	-1.57021	
2026-08-14 12:09:20	340	560	1	0	1.5	0	0	7.5	1.5	0	0	0.5	1.5	0	0	1	1.5	0	0	2.25	1.5	0.262		31.2924	289.419	2.60056	0	83.1053	0.310339	516.49	1		0.0708984	12.1148	49.2132	0	54.7664	-1.57021	
2026-08-14 12:09:07	338	561	4	0	1	0	0	7.5	1	0	0	6	1	0	0	6.5	1	0	0	5	1	0.478		24.6927	370.706	1.98218	0	80.2741	0.140081	1457.09	1		0.0708984	12.1148	49.3432	0	54.7665	-1.57021	
2026-08-14 12:09:00	337	562	1	0	1	0	0	7.5	1	0	0	2.5	1	0	0	3	1	0	0	3.25	1	1.19		24.6947	371.431	0.512961	0	20.7721	0.0873563	1468.29	1		0.0708984	12.1148	49.4731	0	54.7665	-1.57021	
2026-08-14 12:08:53	336	563	1	0	1	0	0	7.5	1	0	0	0.5	1	0	0	1	1	0	0	2.25	1	0.262		24.6349	370.872	2.51268	0	101.997	0.308884	633.898	1		0.0708984	12.1236	49.4731	0	54.7665	-1.5702	
2026-08-14 12:08:35	333	564	3	0	0.5	0	0	7.5	0.5	0	0	3.5	0.5	0	0	4	0.5	0	0	3.75	0.5	1.431		27.5494	328.136	0.480168	0	17.4293	0.230428	1533.16	1		0.0708984	12.1148	49.6031	0	54.7665	-1.57021	
2026-08-14 12:08:47	335	565	1	0	0.5	0	0	7.5	0.5	0	0	6.5	0.5	0	0	7	0.5	0	0	5.25	0.5	0.262		27.7283	329.904	6.86102	0	247.437	0.255384	1537.8	1		0.0708984	12.1148	49.4731	0	54.7665	-1.5702	
2026-08-14 12:08:40	334	566	4	0	0.5	0	0	7.5	0.5	0	0	6	0.5	0	0	6.5	0.5	0	0	5	0.5	0.478		27.5517	327.532	3.62209	0	131.465	0.225271	2386.28	1		0.0708984	12.0439	49.4731	0	54.7665	-1.57021	
2026-08-14 12:09:26	341	567	4	0	1.5	0	0	7.5	1.5	0	0	4	1.5	0	0	4.5	1.5	0	0	4	1.5	1.366		31.2891	287.889	0.451563	0	14.432	0.0707788	1202.69	1		0.0708984	12.1148	49.2132	0	54.7664	-1.57021	
2026-08-14 12:09:07	338	568	2	0	1	0	0	7.5	1	0	0	5	1	0	0	5.5	1	0	0	4.5	1	0.951		24.6927	370.706	0.563899	0	22.8367	0.171464	1214.12	1		0.0708984	12.1148	49.3432	0	54.7665	-1.57021	
2026-08-14 12:09:33	342	569	2	0	1.5	0	0	7.5	1.5	0	0	5	1.5	0	0	5.5	1.5	0	0	4.5	1.5	0.951		31.4125	288.283	0.505591	0	16.0952	0.0560863	855.708	1		0.0708984	12.0439	49.2132	0	54.7664	-1.57022	
2026-08-14 12:08:40	334	570	3	0	0.5	0	0	7.5	0.5	0	0	5.5	0.5	0	0	6	0.5	0	0	4.75	0.5	0.706		27.5517	327.532	1.51309	0	54.9182	0.258679	1897.84	1		0.0708984	12.0439	49.4731	0	54.7665	-1.57021	
2026-08-14 12:11:17	360	571	1	0	0	0	0	1.5	1.5	0	0	0.5	0.5	0	0	1	1	0	0	0.75	0.75	0.367		27.4271	335.595	6.76936	0	246.812	0.313741	1096.56	1		0.0708984	12.1236	48.6935	0	54.7664	-1.57016	
2026-08-14 12:07:59	328	572	1	0	0	0	0	7.5	0	0	0	0.5	0	0	0	1	0	0	0	2.25	0	0.262		21.8282	422.775	9.26411	0	424.411	0.265182	2637.67	1		0.0708984	12.1679	49.733	0	54.7665	-1.57021	
2026-08-14 12:08:28	332	573	3	0	0.5	0	0	7.5	0.5	0	0	1.5	0.5	0	0	2	0.5	0	0	2.75	0.5	0.706		27.6678	329.815	1.20198	0	43.4431	0.361284	1501.29	1		0.0708984	12.1236	49.6031	0	54.7665	-1.57021	
2026-08-14 12:15:55	409	574	1	4	1	0	0	4.5	0.5	0	0	3.5	1.5	0	0	5	0	0	0	4.25	0.75	0.367		38.0203	241.424	9.58401	0	252.076	0.245664	1119.95	1		0.0708984	12.1148	48.0437	0	54.7664	-1.57019	
2026-08-14 12:15:38	406	575	1	1.5	1	0	0	2	0.5	0	0	1	1.5	0	0	2.5	0	0	0	1.75	0.75	0.367		23.2813	411.042	5.87985	0	252.557	0.317865	1122.08	1		0.0708984	12.1148	47.9138	0	54.7665	-1.5702	
2026-08-14 12:09:00	337	576	4	0	1	0	0	7.5	1	0	0	4	1	0	0	4.5	1	0	0	4	1	1.366		24.6947	371.431	0.400945	0	16.2361	0.0994762	1353.03	1		0.0708984	12.1148	49.4731	0	54.7665	-1.57021	
2026-08-14 12:09:20	340	577	3	0	1.5	0	0	7.5	1.5	0	0	1.5	1.5	0	0	2	1.5	0	0	2.75	1.5	0.706		31.2924	289.419	0.789054	0	25.2155	0.336876	871.386	1		0.0708984	12.1148	49.2132	0	54.7664	-1.57021	
2026-08-14 12:08:11	329	578	1	0	0	0	0	7.5	0	0	0	2.5	0	0	0	3	0	0	0	3.25	0	1.19		21.8301	423.135	0.510732	0	23.3958	0.174261	1653.75	1		0.0708984	12.0793	49.733	0	54.7665	-1.57021	
2026-08-14 12:12:36	374	579	1	0.5	1.5	0	0	2	0	0	0	1	1	0	0	1.5	0.5	0	0	1.25	0.75	0.367		37.0005	246.815	9.05671	0	244.772	0.330208	1087.5	1		0.0708984	12.1148	48.4336	0	54.7664	-1.57016	
2026-08-14 12:09:33	342	580	4	0	1.5	0	0	7.5	1.5	0	0	6	1.5	0	0	6.5	1.5	0	0	5	1.5	0.478		31.4125	288.283	1.27126	0	40.4699	0.0976018	734.587	1		0.0708984	12.0439	49.2132	0	54.7664	-1.57022	
2026-08-14 12:09:07	338	581	3	0	1	0	0	7.5	1	0	0	5.5	1	0	0	6	1	0	0	4.75	1	0.706		24.6927	370.706	0.95862	0	38.822	0.0948946	1341.59	1		0.0708984	12.1148	49.3432	0	54.7665	-1.57021	
2026-08-14 12:14:41	396	582	1	6.5	1.5	0	0	7	1.5	0	0	0	1.5	0	0	7.5	1.5	0	0	5.25	1.5	0.262		28.3174	324.463	3.50298	0	123.704	0.266316	768.809	1		0.0708984	12.1236	48.1737	0	54.7664	-1.57016	
2026-08-14 12:08:53	336	583	4	0	1	0	0	7.5	1	0	0	2	1	0	0	2.5	1	0	0	3	1	0.951		24.6349	370.872	0.554647	0	22.5147	0.199562	1197	1		0.0708984	12.1236	49.4731	0	54.7665	-1.5702	
2026-08-14 12:09:26	341	584	2	0	1.5	0	0	7.5	1.5	0	0	3	1.5	0	0	3.5	1.5	0	0	3.5	1.5	1.366		31.2891	287.889	0.381309	0	12.1867	0.16845	1015.57	1		0.0708984	12.1148	49.2132	0	54.7664	-1.57021	
2026-08-14 12:08:11	329	585	3	0	0	0	0	7.5	0	0	0	3.5	0	0	0	4	0	0	0	3.75	0	1.431		21.8301	423.135	0.439501	0	20.1328	0.266621	1770.97	1		0.0708984	12.0793	49.733	0	54.7665	-1.57021	
2026-08-14 12:08:11	329	586	4	0	0	0	0	7.5	0	0	0	4	0	0	0	4.5	0	0	0	4	0	1.366		21.8301	423.135	0.492245	0	22.5489	0.282648	1879.11	1		0.0708984	12.0793	49.733	0	54.7665	-1.57021	
2026-08-14 12:08:17	330	587	1	0	0	0	0	7.5	0	0	0	4.5	0	0	0	5	0	0	0	4.25	0	1.19		21.7113	420.692	0.603974	0	27.8185	0.145663	1966.37	1		0.0708984	12.0705	49.733	0	54.7665	-1.57021	
2026-08-14 12:08:28	332	588	4	0	0.5	0	0	7.5	0.5	0	0	2	0.5	0	0	2.5	0.5	0	0	3	0.5	0.951		27.6678	329.815	0.612468	0	22.1365	0.204239	1176.89	1		0.0708984	12.1236	49.6031	0	54.7665	-1.57021	
2026-08-14 12:11:05	358	589	1	7	0	0	0	7	1.5	0	0	7	0.5	0	0	7	1	0	0	7	0.75	0.259		26.6412	345.599	11.0106	0	413.292	0.322176	1298.39	1		0.0708984	12.1148	48.6935	0	54.7664	-1.57017	
2026-08-14 12:09:07	338	590	1	0	1	0	0	7.5	1	0	0	4.5	1	0	0	5	1	0	0	4.25	1	1.19		24.6927	370.706	0.530656	0	21.4904	0.120903	1519.07	1		0.0708984	12.1148	49.3432	0	54.7665	-1.57021	
2026-08-14 12:13:45	386	591	1	2	0	0	0	2.5	0	0	0	0	0	0	0	7.5	0	0	0	3	0	0.951		37.4245	244.183	1.04486	0	27.9191	4.95534	1484.33	1		0.0708984	12.1148	48.3036	0	54.7664	-1.57018	
2026-08-14 12:09:00	337	592	2	0	1	0	0	7.5	1	0	0	3	1	0	0	3.5	1	0	0	3.5	1	1.366		24.6947	371.431	0.399941	0	16.1954	0.0674521	1349.65	1		0.0708984	12.1148	49.4731	0	54.7665	-1.57021	
2026-08-14 12:09:14	339	593	1	0	1	0	0	7.5	1	0	0	6.5	1	0	0	7	1	0	0	5.25	1	0.262		24.6952	370.693	4.70981	0	190.718	0.296844	1185.29	1		0.0708984	12.1148	49.2132	0	54.7665	-1.57021	
2026-08-14 12:13:22	382	594	1	4.5	1.5	0	0	6	0	0	0	5	1	0	0	5.5	0.5	0	0	5.25	0.75	0.367		36.1035	253.796	12.4321	0	344.345	0.309776	1529.88	1		0.0708984	12.1148	48.3036	0	54.7664	-1.57018	
2026-08-14 12:08:17	330	595	4	0	0	0	0	7.5	0	0	0	6	0	0	0	6.5	0	0	0	5	0	0.478		21.7113	420.692	2.71264	0	124.942	0.304791	2267.87	1		0.0708984	12.0705	49.733	0	54.7665	-1.57021	
2026-08-14 12:09:33	342	596	1	0	1.5	0	0	7.5	1.5	0	0	4.5	1.5	0	0	5	1.5	0	0	4.25	1.5	1.19		31.4125	288.283	0.555293	0	17.6774	0.339009	1249.54	1		0.0708984	12.0439	49.2132	0	54.7664	-1.57022	
2026-08-14 12:07:59	328	597	3	0	0	0	0	7.5	0	0	0	1.5	0	0	0	2	0	0	0	2.75	0	0.706		21.8282	422.775	1.38479	0	63.4405	0.229057	2192.35	1		0.0708984	12.1679	49.733	0	54.7665	-1.57021	
2026-08-14 12:12:02	368	598	1	4	0	0	0	5.5	1.5	0	0	4.5	0.5	0	0	5	1	0	0	4.75	0.75	0.367		32.4883	289.717	9.08203	0	279.548	0.295854	1242	1		0.0708984	12.1148	48.4336	0	54.7664	-1.57015	
2026-08-14 12:14:53	398	599	1	2	0.5	0	0	2	1	0	0	2	0	0	0	2	1.5	0	0	2	0.75	0.259		26.6963	344.726	6.88053	0	257.733	0.367466	809.693	1		0.0797607	12.1148	48.1737	0	54.7664	-1.57017	
2026-08-14 12:10:08	348	600	1	2	0	0	0	2	1.5	0	0	2	0.5	0	0	2	1	0	0	2	0.75	0.259		34.4259	265.829	8.85947	0	257.349	0.336757	808.485	1		0.0708984	12.1148	48.9533	0	54.7664	-1.57019	
2026-08-14 12:12:42	375	601	1	1	1.5	0	0	2.5	0	0	0	1.5	1	0	0	2	0.5	0	0	1.75	0.75	0.367		36.3972	252.691	9.19951	0	252.754	0.336869	1122.95	1		0.0797607	12.1148	48.4336	0	54.7664	-1.57016	
2026-08-14 12:08:53	336	602	3	0	1	0	0	7.5	1	0	0	1.5	1	0	0	2	1	0	0	2.75	1	0.706		24.6349	370.872	0.927403	0	37.6458	0.239332	1300.95	1		0.0708984	12.1236	49.4731	0	54.7665	-1.5702	
2026-08-14 12:08:40	334	603	1	0	0.5	0	0	7.5	0.5	0	0	4.5	0.5	0	0	5	0.5	0	0	4.25	0.5	1.19		27.5517	327.532	0.640193	0	23.2361	0.0290643	1642.46	1		0.0708984	12.0439	49.4731	0	54.7665	-1.57021	
2026-08-14 12:08:35	333	604	4	0	0.5	0	0	7.5	0.5	0	0	4	0.5	0	0	4.5	0.5	0	0	4	0.5	1.366		27.5494	328.136	0.505666	0	18.3549	0.173146	1529.6	1		0.0708984	12.1148	49.6031	0	54.7665	-1.57021	
2026-08-14 12:09:51	345	605	1	0.5	0	0	0	0.5	1.5	0	0	0.5	0.5	0	0	0.5	1	0	0	0.5	0.75	0.259		27.0676	340.48	8.17784	0	302.127	0.324342	949.16	1		0.0708984	12.1236	49.0833	0	54.7664	-1.57019	
2026-08-14 12:11:28	362	606	1	1	0	0	0	2.5	1.5	0	0	1.5	0.5	0	0	2	1	0	0	1.75	0.75	0.367		31.1069	294.697	8.31161	0	267.195	0.362661	1187.12	1		0.0708984	12.1148	48.6935	0	54.7664	-1.57015	
2026-08-14 12:10:02	347	607	1	1.5	0	0	0	1.5	1.5	0	0	1.5	0.5	0	0	1.5	1	0	0	1.5	0.75	0.259		29.8334	308.086	9.57239	0	320.862	0.393932	1008.02	1		0.0708984	12.1148	49.0833	0	54.7664	-1.57018	
2026-08-14 12:12:08	369	608	1	4.5	0	0	0	6	1.5	0	0	5	0.5	0	0	5.5	1	0	0	5.25	0.75	0.367		20.4377	430.762	5.80721	0	284.142	0.285729	1262.41	1		0.0708984	12.1148	48.4336	0	54.7664	-1.57016	
2026-08-14 12:13:39	385	609	1	6	1.5	0	0	7.5	0	0	0	6.5	1	0	0	7	0.5	0	0	6.75	0.75	0.367		18.7949	480.001	6.32315	0	336.429	0.226645	1494.72	1		0.0708984	12.1148	48.3036	0	54.7664	-1.57018	
2026-08-14 12:14:02	389	610	1	5.5	0.5	0	0	6	0.5	0	0	0	0.5	0	0	7.5	0.5	0	0	4.75	0.5	0.706		27.3048	336	1.48772	0	54.4855	0.300669	1882.89	1		0.0708984	12.1148	48.3036	0	54.7664	-1.57018	
2026-08-14 12:14:47	397	611	1	1	0.5	0	0	1	1	0	0	1	0	0	0	1	1.5	0	0	1	0.75	0.259		33.4431	273.211	10.9868	0	328.521	0.361205	1032.08	1		0.0708984	12.1148	48.1737	0	54.7664	-1.57017	
2026-08-14 12:10:19	350	612	1	3	0	0	0	3	1.5	0	0	3	0.5	0	0	3	1	0	0	3	0.75	0.259		32.6076	280.258	10.9053	0	334.439	0.303396	1050.67	1		0.0708984	12.1148	48.9533	0	54.7664	-1.57017	
2026-08-14 12:10:25	351	613	1	3.5	0	0	0	3.5	1.5	0	0	3.5	0.5	0	0	3.5	1	0	0	3.5	0.75	0.259		32.0157	286.682	9.38137	0	293.024	0.373393	920.563	1		0.0708984	12.1148	48.9533	0	54.7664	-1.57017	
2026-08-14 12:15:16	402	614	1	3.5	0.5	0	0	4	1	0	0	3	0	0	0	4.5	1.5	0	0	3.75	0.75	0.367		39.485	232.119	10.4866	0	265.585	0.304211	1179.96	1		0.0797607	12.1148	48.1737	0	54.7665	-1.57019	
2026-08-14 12:14:59	399	615	1	4	0.5	0	0	4	1	0	0	4	0	0	0	4	1.5	0	0	4	0.75	0.259		47.2375	195.662	14.5203	0	307.389	0.243569	965.689	1		0.0708984	12.1148	48.1737	0	54.7664	-1.57017	
2026-08-14 12:08:28	332	616	2	0	0.5	0	0	7.5	0.5	0	0	1	0.5	0	0	1.5	0.5	0	0	2.5	0.5	0.478		27.6678	329.815	2.015	0	72.8282	0.41951	1321.94	1		0.0708984	12.1236	49.6031	0	54.7665	-1.57021	
2026-08-14 12:10:31	352	617	1	4	0	0	0	4	1.5	0	0	4	0.5	0	0	4	1	0	0	4	0.75	0.259		34.4225	271.873	10.6382	0	309.047	0.277311	970.898	1		0.0708984	12.1148	48.4336	0	54.7664	-1.57017	
2026-08-14 12:10:36	353	618	1	4.5	0	0	0	4.5	1.5	0	0	4.5	0.5	0	0	4.5	1	0	0	4.5	0.75	0.259		37.6645	242.669	11.6756	0	309.989	0.322037	973.859	1		0.0708984	12.1148	48.8234	0	54.7664	-1.57017	
2026-08-14 12:11:22	361	619	1	0.5	0	0	0	2	1.5	0	0	1	0.5	0	0	1.5	1	0	0	1.25	0.75	0.367		25.7875	356.752	6.14584	0	238.326	0.354066	1058.86	1		0.0708984	12.1148	48.6935	0	54.7664	-1.57015	
2026-08-14 12:10:42	354	620	1	5	0	0	0	5	1.5	0	0	5	0.5	0	0	5	1	0	0	5	0.75	0.259		32.8507	277.408	10.1285	0	308.318	0.326758	968.61	1		0.0708984	12.1148	48.8234	0	54.7664	-1.57017	
2026-08-14 12:12:14	370	621	1	5	0	0	0	6.5	1.5	0	0	5.5	0.5	0	0	6	1	0	0	5.75	0.75	0.367		28.9244	315.782	10.092	0	348.91	0.23929	1550.16	1		0.0708984	12.1148	48.4336	0	54.7664	-1.57016	
2026-08-14 12:08:28	332	622	1	0	0.5	0	0	7.5	0.5	0	0	0.5	0.5	0	0	1	0.5	0	0	2.25	0.5	0.262		27.6678	329.815	5.17317	0	186.974	0.41517	1162.02	1		0.0708984	12.1236	49.6031	0	54.7665	-1.57021	
2026-08-14 12:10:48	355	623	1	5.5	0	0	0	5.5	1.5	0	0	5.5	0.5	0	0	5.5	1	0	0	5.5	0.75	0.259		28.4432	321.329	13.576	0	477.302	0.224905	1499.49	1		0.0708984	12.1148	48.8234	0	54.7664	-1.57017	
2026-08-14 12:15:10	401	624	1	2	0.5	0	0	2.5	1	0	0	1.5	0	0	0	3	1.5	0	0	2.25	0.75	0.367		31.0357	294.462	7.3096	0	235.522	0.312892	1046.4	1		0.0797607	12.1148	48.1737	0	54.7665	-1.57018	
2026-08-14 12:10:59	357	625	1	6.5	0	0	0	6.5	1.5	0	0	6.5	0.5	0	0	6.5	1	0	0	6.5	0.75	0.259		27.428	335.693	11.2631	0	410.64	0.273725	1290.06	1		0.0708984	12.1148	48.6935	0	54.7664	-1.57017	
2026-08-14 12:08:40	334	626	2	0	0.5	0	0	7.5	0.5	0	0	5	0.5	0	0	5.5	0.5	0	0	4.5	0.5	0.951		27.5517	327.532	0.994986	0	36.1134	0.0815553	1919.98	1		0.0708984	12.0439	49.4731	0	54.7665	-1.57021	
2026-08-14 12:11:11	359	627	1	7.5	0	0	0	7.5	1.5	0	0	7.5	0.5	0	0	7.5	1	0	0	7.5	0.75	0.259		24.3274	380.726	13.889	0	570.921	0.224176	1793.6	1		0.0708984	12.1236	48.6935	0	54.7664	-1.57016	
2026-08-14 12:11:39	364	628	1	2	0	0	0	3.5	1.5	0	0	2.5	0.5	0	0	3	1	0	0	2.75	0.75	0.367		35.9822	253.792	10.6345	0	295.548	0.301627	1313.09	1		0.0708984	12.1148	48.6935	0	54.7664	-1.57015	
2026-08-14 12:07:59	328	629	2	0	0	0	0	7.5	0	0	0	1	0	0	0	1.5	0	0	0	2.5	0	0.478		21.8282	422.775	3.10504	0	142.249	0.257691	2582.03	1		0.0708984	12.1679	49.733	0	54.7665	-1.57021	
2026-08-14 12:09:57	346	630	1	1	0	0	0	1	1.5	0	0	1	0.5	0	0	1	1	0	0	1	0.75	0.259		31.955	286.887	10.5107	0	328.923	0.379211	1033.34	1		0.0708984	12.1236	49.0833	0	54.7664	-1.57019	
2026-08-14 12:11:45	365	631	1	2.5	0	0	0	4	1.5	0	0	3	0.5	0	0	3.5	1	0	0	3.25	0.75	0.367		32.6688	275.715	9.04413	0	276.843	0.292211	1229.98	1		0.0797607	12.1148	48.5635	0	54.7664	-1.57015	
2026-08-14 12:11:51	366	632	1	3	0	0	0	4.5	1.5	0	0	3.5	0.5	0	0	4	1	0	0	3.75	0.75	0.367		38.4507	237.267	10.2328	0	266.128	0.294522	1182.38	1		0.0708984	12.1236	48.5635	0	54.7664	-1.57015	
2026-08-14 12:08:23	331	633	1	0	0	0	0	7.5	0	0	0	6.5	0	0	0	7	0	0	0	5.25	0	0.262		21.716	420.714	8.53836	0	393.183	0.269117	2443.59	1		0.0708984	12.1325	49.733	0	54.7665	-1.57021	
2026-08-14 12:11:56	367	634	1	3.5	0	0	0	5	1.5	0	0	4	0.5	0	0	4.5	1	0	0	4.25	0.75	0.367		32.4859	281.058	8.5686	0	263.763	0.304436	1171.87	1		0.0708984	12.1148	48.5635	0	54.7664	-1.57015	
2026-08-14 12:13:28	383	635	1	5	1.5	0	0	6.5	0	0	0	5.5	1	0	0	6	0.5	0	0	5.75	0.75	0.367		30.3118	302.385	10.3827	0	342.53	0.268975	1521.82	1		0.0708984	12.1148	48.3036	0	54.7664	-1.57018	
2026-08-14 12:12:19	371	636	1	5.5	0	0	0	7	1.5	0	0	6	0.5	0	0	6.5	1	0	0	6.25	0.75	0.367		27.4224	333.707	8.29101	0	302.344	0.24764	1343.28	1		0.0708984	12.1148	48.4336	0	54.7664	-1.57016	
2026-08-14 12:12:25	372	637	1	6	0	0	0	7.5	1.5	0	0	6.5	0.5	0	0	7	1	0	0	6.75	0.75	0.367		28.4365	319.8	8.90948	0	313.312	0.249853	1392.01	1		0.0708984	12.1148	48.4336	0	54.7664	-1.57017	
2026-08-14 12:12:31	373	638	1	0	1.5	0	0	1.5	0	0	0	0.5	1	0	0	1	0.5	0	0	0.75	0.75	0.367		28.7414	316.838	7.30481	0	254.156	0.282566	1129.19	1		0.0797607	12.1148	48.4336	0	54.7664	-1.57017	
2026-08-14 12:12:48	376	639	1	1.5	1.5	0	0	3	0	0	0	2	1	0	0	2.5	0.5	0	0	2.25	0.75	0.367		33.9309	271.462	7.82254	0	230.543	0.331553	1024.28	1		0.0708984	12.1148	48.4336	0	54.7664	-1.57016	
2026-08-14 12:08:35	333	640	1	0	0.5	0	0	7.5	0.5	0	0	2.5	0.5	0	0	3	0.5	0	0	3.25	0.5	1.19		27.5494	328.136	0.625988	0	22.7224	0.290425	1606.15	1		0.0708984	12.1148	49.6031	0	54.7665	-1.57021	
2026-08-14 12:12:59	378	641	1	2.5	1.5	0	0	4	0	0	0	3	1	0	0	3.5	0.5	0	0	3.25	0.75	0.367		35.5659	249.5	9.88039	0	277.805	0.303809	1234.26	1		0.0797607	12.1148	48.4336	0	54.7664	-1.57017	
2026-08-14 12:08:53	336	642	2	0	1	0	0	7.5	1	0	0	1	1	0	0	1.5	1	0	0	2.5	1	0.478		24.6349	370.872	1.27167	0	51.6205	0.220193	936.986	1		0.0708984	12.1236	49.4731	0	54.7665	-1.5702	
2026-08-14 12:13:05	379	643	1	3	1.5	0	0	4.5	0	0	0	3.5	1	0	0	4	0.5	0	0	3.75	0.75	0.367		31.7708	289.024	8.45021	0	265.974	0.277289	1181.69	1		0.0708984	12.1148	48.3036	0	54.7664	-1.57017	
2026-08-14 12:08:17	330	644	3	0	0	0	0	7.5	0	0	0	5.5	0	0	0	6	0	0	0	4.75	0	0.706		21.7113	420.692	1.38727	0	63.8963	0.263443	2208.1	1		0.0708984	12.0705	49.733	0	54.7665	-1.57021	
2026-08-14 12:12:53	377	645	1	2	1.5	0	0	3.5	0	0	0	2.5	1	0	0	3	0.5	0	0	2.75	0.75	0.367		30.4918	302.475	8.32156	0	272.911	0.319005	1212.51	1		0.0708984	12.1148	48.4336	0	54.7664	-1.57016	
2026-08-14 12:13:11	380	646	1	3.5	1.5	0	0	5	0	0	0	4	1	0	0	4.5	0.5	0	0	4.25	0.75	0.367		31.952	287.178	8.05286	0	252.03	0.257456	1119.74	1		0.0708984	12.1148	48.3036	0	54.7664	-1.57017	
2026-08-14 12:08:17	330	647	2	0	0	0	0	7.5	0	0	0	5	0	0	0	5.5	0	0	0	4.5	0	0.951		21.7113	420.692	0.825466	0	38.0202	0.224867	2021.36	1		0.0708984	12.0705	49.733	0	54.7665	-1.57021	
2026-08-14 12:13:16	381	648	1	4	1.5	0	0	5.5	0	0	0	4.5	1	0	0	5	0.5	0	0	4.75	0.75	0.367		29.6522	311.729	8.62945	0	291.023	0.307272	1292.98	1		0.0708984	12.1148	48.3036	0	54.7664	-1.57018	
2026-08-14 12:10:14	349	649	1	2.5	0	0	0	2.5	1.5	0	0	2.5	0.5	0	0	2.5	1	0	0	2.5	0.75	0.259		35.5051	257.233	11.0481	0	311.169	0.341278	977.567	1		0.0708984	12.1148	48.9533	0	54.7664	-1.57018	
2026-08-14 12:13:33	384	650	1	5.5	1.5	0	0	7	0	0	0	6	1	0	0	6.5	0.5	0	0	6.25	0.75	0.367		27.3656	336.856	10.0958	0	368.921	0.273533	1639.07	1		0.0708984	12.1148	48.3036	0	54.7664	-1.57018	
2026-08-14 12:10:54	356	651	1	6	0	0	0	6	1.5	0	0	6	0.5	0	0	6	1	0	0	6	0.75	0.259		20.3231	432.695	8.17249	0	402.127	0.257413	1263.32	1		0.0708984	12.1148	48.8234	0	54.7664	-1.57017	
2026-08-14 12:13:51	387	652	1	3	0.5	0	0	3.5	0.5	0	0	0	0.5	0	0	7.5	0.5	0	0	3.5	0.5	1.366		37.1809	246.239	0.763575	0	20.5368	0.37375	1711.43	1		0.0708984	12.1148	48.1737	0	54.7664	-1.57017	
2026-08-14 12:14:30	394	653	1	4	1.5	0	0	4.5	1.5	0	0	0	1.5	0	0	7.5	1.5	0	0	4	1.5	1.366		42.1358	218.778	0.605174	0	14.3625	0.401238	1196.89	1		0.0797607	12.1148	48.1737	0	54.7664	-1.57016	
2026-08-14 12:14:25	393	654	1	6	1	0	0	6.5	1	0	0	0	1	0	0	7.5	1	0	0	5	1	0.478		26.451	348.249	2.11462	0	79.9446	0.257113	1451.11	1		0.0708984	12.1148	48.1737	0	54.7664	-1.57016	
2026-08-14 12:13:56	388	655	1	4.5	0.5	0	0	5	0.5	0	0	0	0.5	0	0	7.5	0.5	0	0	4.25	0.5	1.19		32.1838	286.237	0.747445	0	23.2242	0.341476	1641.62	1		0.0708984	12.1148	48.1737	0	54.7664	-1.57018	
2026-08-14 12:09:00	337	656	3	0	1	0	0	7.5	1	0	0	3.5	1	0	0	4	1	0	0	3.75	1	1.431		24.6947	371.431	0.413331	0	16.7377	0.0653882	1472.32	1		0.0708984	12.1148	49.4731	0	54.7665	-1.57021	
2026-08-14 12:08:11	329	657	2	0	0	0	0	7.5	0	0	0	3	0	0	0	3.5	0	0	0	3.5	0	1.366		21.8301	423.135	0.474	0	21.7131	0.224646	1809.46	1		0.0708984	12.0793	49.733	0	54.7665	-1.57021	
2026-08-14 12:14:08	390	658	1	0.5	1	0	0	1	1	0	0	0	1	0	0	7.5	1	0	0	2.25	1	0.262		35.1364	260.279	3.58135	0	101.927	0.292613	633.464	1		0.0797607	12.1148	48.3036	0	54.7664	-1.57018	
2026-08-14 12:14:13	391	659	1	4.5	1	0	0	5	1	0	0	0	1	0	0	7.5	1	0	0	4.25	1	1.19		46.3403	199.934	0.993978	0	21.4495	0.315326	1516.18	1		0.0797607	12.1059	48.1737	0	54.7664	-1.57017	
2026-08-14 12:09:45	344	660	1	0	0	0	0	0	1.5	0	0	0	0.5	0	0	0	1	0	0	0	0.75	0.259		27.1844	341.854	7.63303	0	280.788	0.310893	882.12	1		0.0708984	12.1148	49.0833	0	54.7664	-1.5702	
2026-08-14 12:14:36	395	661	1	6	1.5	0	0	6.5	1.5	0	0	0	1.5	0	0	7.5	1.5	0	0	5	1.5	0.478		21.2834	424.829	0.862424	0	40.5211	0.327196	735.515	1		0.0708984	12.1148	48.0437	0	54.7664	-1.57016	
