Time	MeasID	DPID	Channel	A(x)	A(y)	A(z)	A(adr)	B(x)	B(y)	B(z)	B(adr)	M(x)	M(y)	M(z)	M(adr)	N(x)	N(y)	N(z)	N(adr)	F(x)	F(y)	F(z)	Note	I(mA)	Uout(V)	U(V)	SP(V)	R(Ohm)	Var(%)	Rho-a(Ohm-m)	Cycles	IP Delay Window(mV/V)	Pint(V)	Pext(V)	T int(deg C)	T log(deg C)	Latitude	Longitude
2026-08-14 12:21:21	458	662	1	7.5	0.5	0	0	7.5	1	0	0	7.5	0	0	0	7.5	1.5	0	0	7.5	0.75	0.259		22.1895	415.914	12.1455	0	547.351	0.2355	1719.55	1		0.0797607	12.1148	48.0437	0	54.7664	-1.57017	
2026-08-14 12:20:42	451	663	1	0.5	1	0	0	1	1	0	0	0	1	0	0	7.5	1	0	0	2.25	1	0.262		35.0827	260.423	3.57493	0	101.9	0.299102	633.297	1		0.0797607	12.1059	48.1737	0	54.7664	-1.57018	
2026-08-14 12:20:36	450	664	1	6	0.5	0	0	6.5	0.5	0	0	0	0.5	0	0	7.5	0.5	0	0	5	0.5	0.478		27.1251	335.384	3.49485	0	128.842	0.281847	2338.67	1		0.0797607	12.1148	48.0437	0	54.7664	-1.57019	
2026-08-14 12:20:25	448	665	1	5	0.5	0	0	5.5	0.5	0	0	0	0.5	0	0	7.5	0.5	0	0	4.5	0.5	0.951		28.5612	321.905	1.01352	0	35.4859	0.248444	1886.62	1		0.0797607	12.1148	48.1737	0	54.7664	-1.57019	
2026-08-14 12:20:47	452	666	1	0.5	1.5	0	0	1	1.5	0	0	0	1.5	0	0	7.5	1.5	0	0	2.25	1.5	0.262		39.1859	232.892	3.25784	0	83.1381	0.316586	516.694	1		0.0708984	12.1148	48.0437	0	54.7664	-1.57018	
2026-08-14 12:20:08	445	667	1	4	0	0	0	4.5	0	0	0	0	0	0	0	7.5	0	0	0	4	0	1.366		34.5381	276.26	0.778814	0	22.5494	0.366524	1879.15	1		0.0797607	12.1148	48.1737	0	54.7664	-1.57019	
2026-08-14 12:20:02	444	668	1	3.5	0	0	0	4	0	0	0	0	0	0	0	7.5	0	0	0	3.75	0	1.431		33.266	268.381	0.66495	0	19.9889	0.900957	1758.31	1		0.0708984	12.1148	48.1737	0	54.7664	-1.57018	
2026-08-14 12:19:56	443	669	1	3	0	0	0	3.5	0	0	0	0	0	0	0	7.5	0	0	0	3.5	0	1.366		31.466	291.586	0.679243	0	21.5866	1.86372	1798.91	1		0.0797607	12.1059	48.1737	0	54.7664	-1.57018	
2026-08-14 12:19:51	442	670	1	0.5	0	0	0	1	0	0	0	0	0	0	0	7.5	0	0	0	2.25	0	0.262		25.2947	365.274	10.7629	0	425.501	0.231795	2644.44	1		0.0708984	12.1148	48.1737	0	54.7664	-1.57018	
2026-08-14 12:19:45	441	671	1	7.5	0	0	0	7.5	1.5	0	0	7.5	0.5	0	0	7.5	1	0	0	7.5	0.75	0.259		24.2633	382.326	13.364	0	550.789	0.223391	1730.35	1		0.0797607	12.1148	48.1737	0	54.7664	-1.57017	
2026-08-14 12:19:33	439	672	1	6.5	0	0	0	6.5	1.5	0	0	6.5	0.5	0	0	6.5	1	0	0	6.5	0.75	0.259		27.3629	335.595	11.1564	0	407.72	0.306853	1280.89	1		0.0708984	12.1148	48.1737	0	54.7664	-1.57016	
2026-08-14 12:19:22	437	673	1	5.5	0	0	0	5.5	1.5	0	0	5.5	0.5	0	0	5.5	1	0	0	5.5	0.75	0.259		28.4412	321.665	13.6101	0	478.533	0.222435	1503.36	1		0.0708984	12.1148	48.3036	0	54.7664	-1.57017	
2026-08-14 12:19:16	436	674	1	5	0	0	0	5	1.5	0	0	5	0.5	0	0	5	1	0	0	5	0.75	0.259		32.8473	278.004	10.2366	0	311.64	0.299056	979.047	1		0.0797607	12.1148	48.3036	0	54.7664	-1.57017	
2026-08-14 12:19:11	435	675	1	4.5	0	0	0	4.5	1.5	0	0	4.5	0.5	0	0	4.5	1	0	0	4.5	0.75	0.259		37.8484	241.107	11.7162	0	309.555	0.289813	972.495	1		0.0708984	12.1148	48.3036	0	54.7664	-1.57018	
2026-08-14 12:19:05	434	676	1	4	0	0	0	4	1.5	0	0	4	0.5	0	0	4	1	0	0	4	0.75	0.259		34.3595	272.219	10.6842	0	310.954	0.300485	976.891	1		0.0797607	12.1059	48.3036	0	54.7664	-1.57018	
2026-08-14 12:21:15	457	677	1	5.5	0.5	0	0	5.5	1	0	0	5.5	0	0	0	5.5	1.5	0	0	5.5	0.75	0.259		29.5867	308.986	14.1728	0	479.025	0.280049	1504.9	1		0.0797607	12.1148	48.0437	0	54.7664	-1.57017	
2026-08-14 12:18:59	433	678	1	3.5	0	0	0	3.5	1.5	0	0	3.5	0.5	0	0	3.5	1	0	0	3.5	0.75	0.259		31.9546	286.873	9.42015	0	294.798	0.339101	926.134	1		0.0797607	12.1148	48.3036	0	54.7664	-1.57018	
2026-08-14 12:20:53	453	679	1	1	1.5	0	0	1.5	1.5	0	0	0	1.5	0	0	7.5	1.5	0	0	2.5	1.5	0.478		40.0993	229.63	1.84326	0	45.9674	0.336646	834.374	1		0.0797607	12.1148	48.0437	0	54.7664	-1.57018	
2026-08-14 12:18:54	432	680	1	3	0	0	0	3	1.5	0	0	3	0.5	0	0	3	1	0	0	3	0.75	0.259		32.6075	280.717	10.9072	0	334.499	0.310223	1050.86	1		0.0708984	12.1148	48.4336	0	54.7664	-1.57019	
2026-08-14 12:20:30	449	681	1	5.5	0.5	0	0	6	0.5	0	0	0	0.5	0	0	7.5	0.5	0	0	4.75	0.5	0.706		27.3044	337.087	1.46924	0	53.8096	0.315634	1859.53	1		0.0797607	12.1148	48.1737	0	54.7664	-1.57019	
2026-08-14 12:18:37	429	682	1	1.5	0	0	0	1.5	1.5	0	0	1.5	0.5	0	0	1.5	1	0	0	1.5	0.75	0.259		29.7765	308.676	9.55857	0	321.011	0.391807	1008.48	1		0.0708984	12.1148	48.4336	0	54.7664	-1.5702	
2026-08-14 12:18:25	427	683	1	0.5	0	0	0	0.5	1.5	0	0	0.5	0.5	0	0	0.5	1	0	0	0.5	0.75	0.259		27.0683	341.21	8.17827	0	302.135	0.332048	949.184	1		0.0708984	12.1148	48.3036	0	54.7664	-1.57019	
2026-08-14 12:17:18	416	684	1	0	0.5	0	0	7.5	0.5	0	0	4.5	0.5	0	0	5	0.5	0	0	4.25	0.5	1.19		27.7832	328.703	0.643741	0	23.1702	0.0700456	1637.8	1		0.0708984	12.1148	48.5635	0	54.7664	-1.57019	
2026-08-14 12:17:30	418	685	3	0	1	0	0	7.5	1	0	0	1.5	1	0	0	2	1	0	0	2.75	1	0.706		24.5073	373.988	0.921512	0	37.6016	0.263097	1299.42	1		0.0708984	12.1148	48.6935	0	54.7664	-1.57019	
2026-08-14 12:17:06	414	686	1	0	0.5	0	0	7.5	0.5	0	0	0.5	0.5	0	0	1	0.5	0	0	2.25	0.5	0.262		27.72	328.848	5.18189	0	186.937	0.284935	1161.79	1		0.0708984	12.1236	48.8234	0	54.7664	-1.57019	
2026-08-14 12:18:42	430	687	1	2	0	0	0	2	1.5	0	0	2	0.5	0	0	2	1	0	0	2	0.75	0.259		34.366	266.138	8.83988	0	257.227	0.326878	808.103	1		0.0708984	12.1148	48.4336	0	54.7664	-1.5702	
2026-08-14 12:17:01	413	688	1	0	0	0	0	7.5	0	0	0	6.5	0	0	0	7	0	0	0	5.25	0	0.262		21.6513	420.988	8.46904	0	391.156	0.287111	2430.99	1		0.0708984	12.1148	48.8234	0	54.7664	-1.57019	
2026-08-14 12:16:39	410	689	3	0	0	0	0	7.5	0	0	0	1.5	0	0	0	2	0	0	0	2.75	0	0.706		21.8243	424.533	1.3868	0	63.5436	0.291189	2195.91	1		0.0708984	12.1591	48.8234	0	54.7664	-1.57018	
2026-08-14 12:17:30	418	690	2	0	1	0	0	7.5	1	0	0	1	1	0	0	1.5	1	0	0	2.5	1	0.478		24.5073	373.988	1.26559	0	51.6413	0.135634	937.364	1		0.0708984	12.1148	48.6935	0	54.7664	-1.57019	
2026-08-14 12:16:55	412	691	4	0	0	0	0	7.5	0	0	0	6	0	0	0	6.5	0	0	0	5	0	0.478		21.6506	421.078	2.6941	0	124.435	0.271957	2258.68	1		0.0708984	12.0616	48.8234	0	54.7664	-1.57019	
2026-08-14 12:17:11	415	692	1	0	0.5	0	0	7.5	0.5	0	0	2.5	0.5	0	0	3	0.5	0	0	3.25	0.5	1.19		27.6625	327.537	0.628284	0	22.7125	0.0102706	1605.45	1		0.0708984	12.0439	48.6935	0	54.7664	-1.57019	
2026-08-14 12:18:48	431	693	1	2.5	0	0	0	2.5	1.5	0	0	2.5	0.5	0	0	2.5	1	0	0	2.5	0.75	0.259		35.5049	257.96	11.0478	0	311.163	0.322547	977.549	1		0.0708984	12.1059	48.4336	0	54.7664	-1.5702	
2026-08-14 12:17:50	421	694	1	0	1	0	0	7.5	1	0	0	6.5	1	0	0	7	1	0	0	5.25	1	0.262		24.5073	373.215	4.6643	0	190.323	0.265588	1182.84	1		0.0708984	12.0439	48.5635	0	54.7664	-1.57017	
2026-08-14 12:16:55	412	695	3	0	0	0	0	7.5	0	0	0	5.5	0	0	0	6	0	0	0	4.75	0	0.706		21.6506	421.078	1.37931	0	63.7076	0.280331	2201.58	1		0.0708984	12.0616	48.8234	0	54.7664	-1.57019	
2026-08-14 12:19:28	438	696	1	6	0	0	0	6	1.5	0	0	6	0.5	0	0	6	1	0	0	6	0.75	0.259		20.0183	432.837	8.03379	0	401.323	0.265109	1260.79	1		0.0708984	12.1148	48.3036	0	54.7664	-1.57016	
2026-08-14 12:17:37	419	697	2	0	1	0	0	7.5	1	0	0	3	1	0	0	3.5	1	0	0	3.5	1	1.366		24.5042	373.854	0.3944	0	16.0952	0.201201	1341.29	1		0.0708984	12.0439	48.6935	0	54.7664	-1.57018	
2026-08-14 12:16:55	412	698	2	0	0	0	0	7.5	0	0	0	5	0	0	0	5.5	0	0	0	4.5	0	0.951		21.6506	421.078	0.821009	0	37.9208	0.261818	2016.08	1		0.0708984	12.0616	48.8234	0	54.7664	-1.57019	
2026-08-14 12:18:31	428	699	1	1	0	0	0	1	1.5	0	0	1	0.5	0	0	1	1	0	0	1	0.75	0.259		31.954	287.09	10.507	0	328.815	0.376502	1033	1		0.0708984	12.1148	48.4336	0	54.7664	-1.5702	
2026-08-14 12:17:44	420	700	1	0	1	0	0	7.5	1	0	0	4.5	1	0	0	5	1	0	0	4.25	1	1.19		24.507	373.155	0.525483	0	21.4421	0.278235	1515.66	1		0.0708984	12.1148	48.4336	0	54.7664	-1.57018	
2026-08-14 12:17:06	414	701	4	0	0.5	0	0	7.5	0.5	0	0	2	0.5	0	0	2.5	0.5	0	0	3	0.5	0.951		27.72	328.848	0.611949	0	22.0761	0.294382	1173.68	1		0.0708984	12.1236	48.8234	0	54.7664	-1.57019	
2026-08-14 12:16:55	412	702	1	0	0	0	0	7.5	0	0	0	4.5	0	0	0	5	0	0	0	4.25	0	1.19		21.6506	421.078	0.601062	0	27.7619	0.222805	1962.37	1		0.0708984	12.0616	48.8234	0	54.7664	-1.57019	
2026-08-14 12:17:06	414	703	2	0	0.5	0	0	7.5	0.5	0	0	1	0.5	0	0	1.5	0.5	0	0	2.5	0.5	0.478		27.72	328.848	2.01791	0	72.7962	0.322672	1321.35	1		0.0708984	12.1236	48.8234	0	54.7664	-1.57019	
2026-08-14 12:16:50	411	704	4	0	0	0	0	7.5	0	0	0	4	0	0	0	4.5	0	0	0	4	0	1.366		21.7056	422.272	0.490524	0	22.5989	0.184969	1883.28	1		0.0708984	12.0705	48.9533	0	54.7664	-1.57019	
2026-08-14 12:20:19	447	705	1	2.5	0.5	0	0	3	0.5	0	0	0	0.5	0	0	7.5	0.5	0	0	3.25	0.5	1.19		36.7036	249.391	0.832546	0	22.683	0.368516	1603.36	1		0.0797607	12.1148	48.1737	0	54.7664	-1.57019	
2026-08-14 12:16:50	411	706	3	0	0	0	0	7.5	0	0	0	3.5	0	0	0	4	0	0	0	3.75	0	1.431		21.7056	422.272	0.436298	0	20.1006	0.252066	1768.15	1		0.0708984	12.0705	48.9533	0	54.7664	-1.57019	
2026-08-14 12:19:39	440	707	1	7	0	0	0	7	1.5	0	0	7	0.5	0	0	7	1	0	0	7	0.75	0.259		26.5771	345.697	10.8971	0	410.019	0.308569	1288.11	1		0.0797607	12.1148	48.1737	0	54.7664	-1.57017	
2026-08-14 12:17:30	418	708	4	0	1	0	0	7.5	1	0	0	2	1	0	0	2.5	1	0	0	3	1	0.951		24.5073	373.988	0.55146	0	22.5019	0.313018	1196.32	1		0.0708984	12.1148	48.6935	0	54.7664	-1.57019	
2026-08-14 12:21:10	456	709	1	6.5	1.5	0	0	7	1.5	0	0	0	1.5	0	0	7.5	1.5	0	0	5.25	1.5	0.262		28.2568	323.883	3.49626	0	123.732	0.27276	768.978	1		0.0708984	12.1148	48.0437	0	54.7664	-1.57017	
2026-08-14 12:16:50	411	710	2	0	0	0	0	7.5	0	0	0	3	0	0	0	3.5	0	0	0	3.5	0	1.366		21.7056	422.272	0.470844	0	21.6922	0.209741	1807.72	1		0.0708984	12.0705	48.9533	0	54.7664	-1.57019	
2026-08-14 12:17:44	420	711	3	0	1	0	0	7.5	1	0	0	5.5	1	0	0	6	1	0	0	4.75	1	0.706		24.507	373.155	0.947502	0	38.6625	0.1257	1336.08	1		0.0708984	12.1148	48.4336	0	54.7664	-1.57018	
2026-08-14 12:16:50	411	712	1	0	0	0	0	7.5	0	0	0	2.5	0	0	0	3	0	0	0	3.25	0	1.19		21.7056	422.272	0.507621	0	23.3866	0.184896	1653.1	1		0.0708984	12.0705	48.9533	0	54.7664	-1.57019	
2026-08-14 12:18:20	426	713	1	0	0	0	0	0	1.5	0	0	0	0.5	0	0	0	1	0	0	0	0.75	0.259		27.1279	341.771	7.61515	0	280.713	0.294364	881.885	1		0.0708984	12.1148	48.4336	0	54.7664	-1.57019	
2026-08-14 12:17:56	422	714	3	0	1.5	0	0	7.5	1.5	0	0	1.5	1.5	0	0	2	1.5	0	0	2.75	1.5	0.706		31.2262	290.64	0.787166	0	25.2085	0.259921	871.143	1		0.0708984	12.1148	48.4336	0	54.7664	-1.57017	
2026-08-14 12:17:37	419	715	4	0	1	0	0	7.5	1	0	0	4	1	0	0	4.5	1	0	0	4	1	1.366		24.5042	373.854	0.400824	0	16.3573	0.13926	1363.14	1		0.0708984	12.0439	48.6935	0	54.7664	-1.57018	
2026-08-14 12:17:37	419	716	3	0	1	0	0	7.5	1	0	0	3.5	1	0	0	4	1	0	0	3.75	1	1.431		24.5042	373.854	0.411566	0	16.7957	0.175415	1477.43	1		0.0708984	12.0439	48.6935	0	54.7664	-1.57018	
2026-08-14 12:17:06	414	717	3	0	0.5	0	0	7.5	0.5	0	0	1.5	0.5	0	0	2	0.5	0	0	2.75	0.5	0.706		27.72	328.848	1.20354	0	43.4177	0.30264	1500.41	1		0.0708984	12.1236	48.8234	0	54.7664	-1.57019	
2026-08-14 12:16:39	410	718	1	0	0	0	0	7.5	0	0	0	0.5	0	0	0	1	0	0	0	2.25	0	0.262		21.8243	424.533	9.2835	0	425.374	0.35731	2643.65	1		0.0708984	12.1591	48.8234	0	54.7664	-1.57018	
2026-08-14 12:17:18	416	719	3	0	0.5	0	0	7.5	0.5	0	0	5.5	0.5	0	0	6	0.5	0	0	4.75	0.5	0.706		27.7832	328.703	1.50658	0	54.2262	0.23002	1873.92	1		0.0708984	12.1148	48.5635	0	54.7664	-1.57019	
2026-08-14 12:18:07	424	720	1	0	1.5	0	0	7.5	1.5	0	0	4.5	1.5	0	0	5	1.5	0	0	4.25	1.5	1.19		31.2225	288.51	0.553685	0	17.7335	0.133908	1253.51	1		0.0708984	12.035	48.4336	0	54.7664	-1.57018	
2026-08-14 12:17:44	420	721	2	0	1	0	0	7.5	1	0	0	5	1	0	0	5.5	1	0	0	4.5	1	0.951		24.507	373.155	0.552209	0	22.5327	0.0604424	1197.96	1		0.0708984	12.1148	48.4336	0	54.7664	-1.57018	
2026-08-14 12:17:18	416	722	2	0	0.5	0	0	7.5	0.5	0	0	5	0.5	0	0	5.5	0.5	0	0	4.5	0.5	0.951		27.7832	328.703	0.989449	0	35.6132	0.0830611	1893.39	1		0.0708984	12.1148	48.5635	0	54.7664	-1.57019	
2026-08-14 12:18:02	423	723	4	0	1.5	0	0	7.5	1.5	0	0	4	1.5	0	0	4.5	1.5	0	0	4	1.5	1.366		31.225	289.614	0.450935	0	14.4415	0.274068	1203.48	1		0.0708984	12.035	48.4336	0	54.7664	-1.57018	
2026-08-14 12:17:18	416	724	4	0	0.5	0	0	7.5	0.5	0	0	6	0.5	0	0	6.5	0.5	0	0	5	0.5	0.478		27.7832	328.703	3.60255	0	129.667	0.146108	2353.63	1		0.0708984	12.1148	48.5635	0	54.7664	-1.57019	
2026-08-14 12:17:25	417	725	1	0	0.5	0	0	7.5	0.5	0	0	6.5	0.5	0	0	7	0.5	0	0	5.25	0.5	0.262		27.7813	328.885	6.87125	0	247.334	0.259186	1537.15	1		0.0708984	12.1148	48.5635	0	54.7664	-1.57019	
2026-08-14 12:18:07	424	726	2	0	1.5	0	0	7.5	1.5	0	0	5	1.5	0	0	5.5	1.5	0	0	4.5	1.5	0.951		31.2225	288.51	0.501862	0	16.0737	0.172801	854.566	1		0.0708984	12.035	48.4336	0	54.7664	-1.57018	
2026-08-14 12:17:11	415	727	3	0	0.5	0	0	7.5	0.5	0	0	3.5	0.5	0	0	4	0.5	0	0	3.75	0.5	1.431		27.6625	327.537	0.481635	0	17.4112	0.130274	1531.56	1		0.0708984	12.0439	48.6935	0	54.7664	-1.57019	
2026-08-14 12:17:30	418	728	1	0	1	0	0	7.5	1	0	0	0.5	1	0	0	1	1	0	0	2.25	1	0.262		24.5073	373.988	2.50007	0	102.013	0.269293	634	1		0.0708984	12.1148	48.6935	0	54.7664	-1.57019	
2026-08-14 12:17:37	419	729	1	0	1	0	0	7.5	1	0	0	2.5	1	0	0	3	1	0	0	3.25	1	1.19		24.5042	373.854	0.506945	0	20.6881	0.14431	1462.35	1		0.0708984	12.0439	48.6935	0	54.7664	-1.57018	
2026-08-14 12:17:44	420	730	4	0	1	0	0	7.5	1	0	0	6	1	0	0	6.5	1	0	0	5	1	0.478		24.507	373.155	1.95263	0	79.6761	0.143747	1446.24	1		0.0708984	12.1148	48.4336	0	54.7664	-1.57018	
2026-08-14 12:17:56	422	731	1	0	1.5	0	0	7.5	1.5	0	0	0.5	1.5	0	0	1	1.5	0	0	2.25	1.5	0.262		31.2262	290.64	2.59542	0	83.1165	0.317305	516.56	1		0.0708984	12.1148	48.4336	0	54.7664	-1.57017	
2026-08-14 12:17:11	415	732	2	0	0.5	0	0	7.5	0.5	0	0	3	0.5	0	0	3.5	0.5	0	0	3.5	0.5	1.366		27.6625	327.537	0.568192	0	20.5402	0.250437	1711.71	1		0.0708984	12.0439	48.6935	0	54.7664	-1.57019	
2026-08-14 12:17:56	422	733	2	0	1.5	0	0	7.5	1.5	0	0	1	1.5	0	0	1.5	1.5	0	0	2.5	1.5	0.478		31.2262	290.64	1.44104	0	46.1483	0.284824	837.657	1		0.0708984	12.1148	48.4336	0	54.7664	-1.57017	
2026-08-14 12:17:11	415	734	4	0	0.5	0	0	7.5	0.5	0	0	4	0.5	0	0	4.5	0.5	0	0	4	0.5	1.366		27.6625	327.537	0.502621	0	18.1698	0.30586	1514.18	1		0.0708984	12.0439	48.6935	0	54.7664	-1.57019	
2026-08-14 12:17:56	422	735	4	0	1.5	0	0	7.5	1.5	0	0	2	1.5	0	0	2.5	1.5	0	0	3	1.5	0.951		31.2262	290.64	0.584265	0	18.7107	0.168582	994.763	1		0.0708984	12.1148	48.4336	0	54.7664	-1.57017	
2026-08-14 12:16:39	410	736	2	0	0	0	0	7.5	0	0	0	1	0	0	0	1.5	0	0	0	2.5	0	0.478		21.8243	424.533	3.11149	0	142.57	0.397625	2587.84	1		0.0708984	12.1591	48.8234	0	54.7664	-1.57018	
2026-08-14 12:18:02	423	737	1	0	1.5	0	0	7.5	1.5	0	0	2.5	1.5	0	0	3	1.5	0	0	3.25	1.5	1.19		31.225	289.614	0.587418	0	18.8124	0.205854	1329.77	1		0.0708984	12.035	48.4336	0	54.7664	-1.57018	
2026-08-14 12:18:02	423	738	2	0	1.5	0	0	7.5	1.5	0	0	3	1.5	0	0	3.5	1.5	0	0	3.5	1.5	1.366		31.225	289.614	0.380261	0	12.1781	0.157367	1014.86	1		0.0708984	12.035	48.4336	0	54.7664	-1.57018	
2026-08-14 12:21:04	455	739	1	4.5	1.5	0	0	5	1.5	0	0	0	1.5	0	0	7.5	1.5	0	0	4.25	1.5	1.19		45.9259	198.262	0.812479	0	17.6911	0.370773	1250.51	1		0.0797607	12.1059	48.0437	0	54.7664	-1.57017	
2026-08-14 12:20:59	454	740	1	1.5	1.5	0	0	2	1.5	0	0	0	1.5	0	0	7.5	1.5	0	0	2.75	1.5	0.706		35.1936	261.926	0.889978	0	25.2881	0.444408	873.893	1		0.0708984	12.1059	48.0437	0	54.7664	-1.57017	
2026-08-14 12:20:13	446	741	1	6	0	0	0	6.5	0	0	0	0	0	0	0	7.5	0	0	0	5	0	0.478		28.7997	318.637	3.57971	0	124.297	0.138364	2256.16	1		0.0797607	12.1148	48.1737	0	54.7664	-1.57019	
2026-08-14 12:18:02	423	742	3	0	1.5	0	0	7.5	1.5	0	0	3.5	1.5	0	0	4	1.5	0	0	3.75	1.5	1.431		31.225	289.614	0.464961	0	14.8907	0.153668	1309.85	1		0.0708984	12.035	48.4336	0	54.7664	-1.57018	
2026-08-14 12:16:39	410	743	4	0	0	0	0	7.5	0	0	0	2	0	0	0	2.5	0	0	0	3	0	0.951		21.8243	424.533	0.608324	0	27.8736	0.368117	1481.91	1		0.0708984	12.1591	48.8234	0	54.7664	-1.57018	
2026-08-14 12:18:07	424	744	3	0	1.5	0	0	7.5	1.5	0	0	5.5	1.5	0	0	6	1.5	0	0	4.75	1.5	0.706		31.2225	288.51	0.785241	0	25.1499	0.0922789	869.117	1		0.0708984	12.035	48.4336	0	54.7664	-1.57018	
2026-08-14 12:18:07	424	745	4	0	1.5	0	0	7.5	1.5	0	0	6	1.5	0	0	6.5	1.5	0	0	5	1.5	0.478		31.2225	288.51	1.2624	0	40.4324	0.15778	733.906	1		0.0708984	12.035	48.4336	0	54.7664	-1.57018	
2026-08-14 12:18:14	425	746	1	0	1.5	0	0	7.5	1.5	0	0	6.5	1.5	0	0	7	1.5	0	0	5.25	1.5	0.262		31.3505	289.654	3.89478	0	124.233	0.251216	772.097	1		0.0708984	12.035	48.4336	0	54.7664	-1.57018	
